[2.49453534e+01 3.61110912e+00 1.30846319e+02 2.85501153e+01
 7.53780088e-02 5.60075514e+01 2.71311907e+00 3.24972520e+02
 5.25053978e-01 1.39619884e+00 5.69712652e+00 3.72047270e+00
 1.24284080e+00 4.39965997e+00 1.97650548e+02 2.76662144e+01
 1.49686782e+01 7.24531704e+01 9.34346213e+00 1.54736936e+01
 1.59415175e+00 4.95501079e+01 2.58004616e+02 2.89831159e+02
 1.80848071e+00 5.79655611e+00 1.80477346e+01 1.02336726e+01
 1.42852488e+01 1.56860028e+02 4.62977181e+01 3.57936577e+02
 6.28545508e+00 1.65557846e+02 1.92124682e-02 1.58991225e+03
 1.06416475e+01 3.16807107e-02 3.15937816e-04 5.31209065e+01
 5.02650394e+01 7.85442738e+01 4.24991642e+00 8.19919937e+03
 2.43940455e+02 3.26091844e+01 1.68876753e+01 2.21101615e-01
 9.28487700e+01 3.28519255e-01 4.83367635e+00 8.03144199e+01
 1.61408010e-04 3.31310376e+01 9.71330577e+00 1.35407674e+01
 9.63821634e+00 2.70874218e+01 4.17016930e-03 5.49898544e+02
 1.87372906e+00 2.58842853e+01 9.10475390e+01 7.65124147e+01
 2.30128396e+01 4.22939440e+00 1.56515375e+01 7.84622356e+00
 1.18095992e+01 4.26605642e+01 1.02806056e+01 2.30759848e+00
 1.00652978e+01 3.19103809e+01 2.14120051e+02 5.47790715e+00
 1.18709636e+02 4.37455053e+01 3.44997728e+01 1.50571201e+01
 1.36468338e+01 1.02505420e+01 1.78503773e+00 7.21764674e+00
 3.77674976e-01 5.88779543e+00 1.41154457e+01 1.30678998e+01
 4.86308428e+01 1.89242480e+01]

[[1.2000e+01 1.9000e+01 1.7100e+02 2.9790e+03]
 [4.1000e+01 2.5000e+01 8.5000e+01 2.7902e+04]
 [1.2000e+01 4.7000e+01 1.8100e+02 6.0263e+04]
 [8.4000e+01 3.4000e+01 1.3300e+02 8.3530e+03]
 [9.5000e+01 1.1000e+01 1.0000e+00 5.4186e+04]
 [2.7000e+01 1.0000e+01 1.4300e+02 3.9663e+04]
 [7.5000e+01 2.7000e+01 7.0000e+00 1.0669e+04]
 [5.7000e+01 2.5000e+01 4.0000e+00 6.9656e+04]
 [5.8000e+01 9.4000e+01 7.2000e+01 2.3984e+04]
 [6.1000e+01 8.5000e+01 1.0100e+02 5.8019e+04]
 [1.4000e+01 5.0000e+01 7.1000e+01 9.6974e+04]
 [8.1000e+01 6.1000e+01 5.6000e+01 9.1383e+04]
 [4.3000e+01 5.8000e+01 1.3800e+02 8.7331e+04]
 [8.8000e+01 3.7000e+01 7.6000e+01 2.0464e+04]
 [5.1000e+01 2.0000e+00 1.4800e+02 6.9623e+04]
 [9.0000e+01 6.5000e+01 1.9800e+02 5.9521e+04]
 [5.5000e+01 8.0000e+01 1.4100e+02 1.4344e+04]
 [4.9000e+01 3.0000e+00 9.1000e+01 5.1739e+04]
 [6.7000e+01 7.2000e+01 1.3600e+02 8.5934e+04]
 [4.9000e+01 4.1000e+01 9.0000e+00 3.2581e+04]
 [9.6000e+01 3.5000e+01 7.2000e+01 2.0460e+04]
 [1.5000e+01 2.8000e+01 1.7100e+02 2.9820e+03]
 [5.8000e+01 1.0000e+00 1.4700e+02 6.9612e+04]
 [5.4000e+01 1.1000e+01 1.4500e+02 6.9625e+04]
 [6.9000e+01 4.8000e+01 8.4000e+01 6.9727e+04]
 [4.7000e+01 9.2000e+01 4.9000e+01 6.9583e+04]
 [9.7000e+01 9.3000e+01 1.9000e+02 6.9635e+04]
 [4.1000e+01 6.6000e+01 1.6700e+02 6.9538e+04]
 [6.1000e+01 2.4000e+01 1.9600e+02 6.9701e+04]
 [6.0000e+00 3.6000e+01 1.3400e+02 6.0200e+04]
 [1.7000e+01 8.3000e+01 8.7000e+01 6.0267e+04]
 [1.4000e+01 2.0000e+00 1.1000e+01 6.9563e+04]
 [2.7000e+01 3.7000e+01 1.9000e+01 6.9440e+04]
 [8.5000e+01 9.7000e+01 1.8200e+02 6.0175e+04]
 [4.1000e+01 9.1000e+01 1.0500e+02 6.0094e+04]
 [9.9000e+01 1.5000e+01 1.2300e+02 6.0293e+04]
 [2.2000e+01 1.4000e+01 1.2000e+01 6.9569e+04]
 [5.8000e+01 1.9000e+01 1.4900e+02 6.9627e+04]
 [4.5000e+01 8.3000e+01 5.1000e+01 6.9580e+04]
 [8.7000e+01 3.1000e+01 1.2700e+02 8.3460e+03]
 [8.5000e+01 1.0000e+02 1.7400e+02 6.0164e+04]
 [2.9000e+01 7.0000e+00 1.5000e+02 3.9668e+04]
 [9.2000e+01 4.2000e+01 1.5300e+02 6.0392e+04]
 [4.4000e+01 2.0000e+00 4.0000e+01 6.0329e+04]
 [5.5000e+01 2.3000e+01 1.5500e+02 6.9627e+04]
 [6.9000e+01 1.5000e+01 1.4900e+02 6.9645e+04]
 [7.1000e+01 7.1000e+01 1.3400e+02 8.5933e+04]
 [6.4000e+01 2.2000e+01 1.3900e+02 6.9638e+04]
 [2.4000e+01 2.9000e+01 1.6000e+01 6.9576e+04]
 [6.2000e+01 2.3000e+01 1.4800e+02 6.9633e+04]
 [4.3000e+01 6.2000e+01 1.3900e+02 8.7330e+04]
 [7.3000e+01 1.8000e+01 1.5300e+02 6.9625e+04]
 [6.2000e+01 8.5000e+01 1.0000e+02 5.8019e+04]
 [7.4000e+01 3.4000e+01 8.0000e+00 1.0675e+04]
 [6.0000e+01 8.3000e+01 1.0100e+02 5.8016e+04]
 [1.5000e+01 4.8000e+01 7.1000e+01 9.6972e+04]
 [7.8000e+01 6.5000e+01 5.5000e+01 9.1382e+04]
 [9.0000e+01 4.2000e+01 7.5000e+01 2.0467e+04]
 [5.6000e+01 8.7000e+01 9.7000e+01 5.8027e+04]
 [6.9000e+01 2.6000e+01 1.4100e+02 6.9636e+04]
 [4.6000e+01 7.1000e+01 1.9000e+01 6.0305e+04]
 [9.8000e+01 7.7000e+01 1.3400e+02 6.0289e+04]
 [3.0000e+00 2.0000e+00 4.8000e+01 6.0393e+04]
 [4.0000e+00 9.0000e+00 1.0600e+02 6.0312e+04]
 [6.3000e+01 5.2000e+01 8.9000e+01 6.0277e+04]
 [1.5000e+01 2.2000e+01 3.0000e+00 6.0270e+04]
 [2.1000e+01 5.6000e+01 5.9000e+01 6.0379e+04]
 [9.9000e+01 2.5000e+01 9.4000e+01 6.0350e+04]
 [3.7000e+01 4.0000e+00 5.6000e+01 6.0252e+04]
 [9.9000e+01 3.0000e+01 1.6400e+02 6.0334e+04]
 [9.7000e+01 2.7000e+01 7.0000e+00 6.0290e+04]
 [9.2000e+01 4.3000e+01 3.0000e+01 6.0379e+04]
 [6.7000e+01 1.1000e+01 1.2100e+02 6.0241e+04]
 [5.9000e+01 2.7000e+01 1.2900e+02 6.0334e+04]
 [6.7000e+01 6.6000e+01 1.1200e+02 6.9624e+04]
 [3.7000e+01 2.5000e+01 1.0000e+02 6.0374e+04]
 [8.4000e+01 3.1000e+01 1.7200e+02 6.0267e+04]
 [7.7000e+01 7.0000e+01 6.4000e+01 6.0315e+04]
 [2.5000e+01 5.3000e+01 1.4200e+02 6.9612e+04]
 [2.2000e+01 3.5000e+01 4.0000e+00 6.0387e+04]
 [9.7000e+01 2.4000e+01 7.2000e+01 6.0262e+04]
 [6.9000e+01 1.7000e+01 7.4000e+01 6.0389e+04]
 [3.6000e+01 7.0000e+01 7.3000e+01 6.0315e+04]
 [7.1000e+01 1.3000e+01 9.8000e+01 6.9626e+04]
 [8.8000e+01 6.1000e+01 1.4800e+02 6.9595e+04]
 [3.7000e+01 7.2000e+01 1.6000e+01 6.0352e+04]
 [4.9000e+01 3.8000e+01 1.4800e+02 6.0280e+04]
 [3.0000e+00 2.5000e+01 7.5000e+01 6.0276e+04]
 [2.7000e+01 7.0000e+00 1.6100e+02 6.9590e+04]
 [8.1000e+01 5.5000e+01 1.3500e+02 6.9675e+04]]

0.00016140800987967012

[   62.    85.   100. 58019.]

[1.76658342e+01 1.00491035e+01 1.83562037e+02 6.16762577e+00
 2.53224378e+01 4.89123859e+01 2.41610431e+01 4.88684659e+01
 8.97523994e-01 3.43390424e+01 1.03089843e+02 4.93403543e+01
 4.86556660e+01 1.01818748e+01 7.00047402e+00 8.49627091e+01
 7.35853523e+01 3.97328137e+00 1.29039992e+00 1.68137581e+02
 2.52006437e+00 2.50528852e+00 7.51260889e+01 9.89775332e+01
 4.35059557e+01 2.59160477e+02 9.19011083e+00 1.70208873e+01
 4.93935872e+01 2.31876392e+00 8.85246970e+00 1.81009890e+02
 1.03640480e+02 1.25258269e+02 1.25968429e+01 2.61883346e+00
 9.77602678e+00 6.72470459e+00 6.91589186e+01 9.07175844e+00
 1.04938309e+02 1.00571041e+02 1.30001881e+02 1.16316328e+03
 3.68450338e+01 2.34650586e+02 8.98201413e+00 6.89835684e+03
 9.96021691e+00 2.38010304e+01 2.89610641e-05 5.88886347e+00
 1.35700260e+03 6.52999886e+00 7.57245191e+00 5.30503141e+01
 1.90591345e+01 1.78263984e+02 5.10969240e-01 8.45258436e+00
 9.41248112e+01 2.19920051e+01 4.74234440e+03 5.25809149e+01
 1.24112017e-05 2.41328981e+02 8.11911120e+00 1.17873387e+00
 6.00653912e+01 3.95694328e+00 2.44601175e+01 1.15875805e+01
 3.59133551e+01 2.14000746e+01 2.01686569e+03 4.84183314e+00
 5.82847437e+00 9.18722312e+00 2.55589130e+00 7.50357865e+01
 9.78303451e+01 4.55418209e-01 2.97801905e+00 2.25811721e+00
 2.18095621e+00 1.17590173e+02 4.72851535e+01 4.73390459e+01
 6.07048963e+01 1.07657711e+01 1.18962491e+01 1.17886685e+02
 1.36510056e+00 2.48530148e+01 3.31174782e+00 1.89631044e+02
 8.36239385e+01 3.09701487e+00 1.07606046e+02 1.42587604e+02
 8.03334827e+00 2.76146093e+00 2.12063577e+01 1.72381567e+00
 9.03523939e+01 2.78480885e+01 2.11785965e-01 8.34030152e+00
 4.62301084e-01 8.79266760e+00 1.24779826e+01 1.31510282e+02
 2.15456190e+01 8.05584401e+01 8.59687658e+01 3.02188666e+01
 1.78265257e-01 3.96202401e-02 2.63929808e+02 1.21342384e+01
 4.08350328e-01 1.70897874e+01 1.25407273e+00 7.29639888e+00
 5.57243663e+00 2.04722210e-02 6.26313567e+01 2.26477238e+02
 4.35074888e+00 4.39277067e+02 1.36128972e+00 6.71418519e+01
 8.12119137e+01 1.00414192e+01 1.44677740e+02 1.07787167e+02
 2.54239480e+02 2.68829405e+00 4.22146897e+00 3.01602420e+00
 1.33963429e+01 6.98386237e+01 1.37357555e+01 6.28287445e-01
 5.40336439e+00 7.45606277e+01 1.22154067e+01 8.63459304e+00
 3.64444313e+00 1.49259236e+02 1.44961104e+01 4.92389123e+00
 1.53745410e+00 2.03836639e+01 2.77288283e-01 5.95023719e+01
 1.96753507e+01 7.34184894e-02 2.92959261e+00 7.43951655e+00
 4.59936484e+01 6.54574606e+00 1.84860109e+02 1.66897937e+01
 1.08826368e+01 3.41095590e+01 3.29752776e+00 9.88874890e+01
 2.73615067e+01 8.88668209e+00 9.89386248e-02 1.41425890e+01
 5.06101522e+01 3.90698505e+00 1.30322202e+01 2.39133661e+00
 4.68172701e-05 5.70797323e+00 3.02772064e+01 3.13121174e+00
 5.79628397e+00 2.33991478e+00 3.83591359e+00 4.79504660e+01
 1.44250109e+01 2.78628177e+01 6.67889611e+00 4.23954379e+00
 5.45817248e-02 1.47027164e+01 1.87633094e+01 6.23203674e+00
 1.58014429e+02 5.87362595e-01 5.06968216e+01 1.45834290e+02
 1.10053580e+01 9.40567486e+00 2.06541762e+00 1.13291303e+02
 1.28327912e+01 5.17652532e+00 7.13442023e+01 4.04930056e+01
 3.03365276e+01 5.23899768e-01 4.75497341e-04 2.36673628e+01
 4.20738866e+01 2.35515557e+01 1.35390783e+01 2.58549737e+01
 1.42239017e+01 2.82521923e+00 1.36901602e+01 6.47447912e+00
 1.02786437e+01 3.44328119e+02 5.57617103e+00 4.61262757e+00
 2.47770362e+00 3.40630271e+01 6.88386199e+00 2.48059728e+00
 2.16541291e+01 3.66314788e-02 9.47573310e+01 5.36112391e+01
 5.62730825e-04 8.99625865e+00 2.13959247e+01 2.13006858e+01
 4.78973441e+00 5.49263776e+00 8.35135884e+01 4.20570304e+01
 2.24219283e+01 1.89806883e+01 1.33084150e+01 5.33215642e+00
 7.16232203e+00 2.57643433e+02 9.12455975e-01 1.40618309e+01
 1.79693329e+01 7.95257787e-02 6.24640473e+00 2.03241707e+01
 2.22650538e+01 1.42620877e+01 3.37815307e+01 1.24910552e-02
 1.46873889e+01 6.07933657e-04 3.89318987e+00 1.56390988e+01
 2.90027054e+01 4.72912160e+01 3.49921592e+00 7.81456743e+01
 1.22784320e+01 1.25101684e-01 7.80026899e-04 7.68448676e+00
 4.69317002e+00 8.55879344e-01 2.33836544e+01 3.26510471e+01
 4.18588674e+01 1.56658271e+00 1.32397815e+00 4.05180456e+01
 1.44579533e+01 3.35503383e+01 4.61786663e+01 7.69339373e+01
 1.90053350e+00 8.98286078e+00 6.64865702e+00 4.76964592e+01
 3.13463386e+00 1.06932978e+00 3.78247263e+00 9.42959496e+01
 4.21392598e+02]

[[3.80000e+01 5.10000e+01 5.80000e+01 3.13477e+05]
 [1.90000e+01 7.40000e+01 2.20000e+01 2.52883e+05]
 [3.40000e+01 5.80000e+01 1.98000e+02 5.27631e+05]
 ...
 [9.00000e+01 8.90000e+01 1.82000e+02 7.55940e+04]
 [4.30000e+01 7.00000e+01 3.00000e+00 5.97453e+05]
 [9.80000e+01 4.40000e+01 1.80000e+01 2.61105e+05]]

1.2411201691403505e-05

[  10.   29.   79. 4183.]