[0.00000000e+00 7.14737676e-02 3.52262222e+00 3.57852564e-03
 2.35534093e-07 3.46865634e-06 1.88433294e+01 3.93325021e-06
 1.19481053e-05 2.25972164e-04 1.12937205e-07]

[[ 0.          0.        ]
 [ 7.73283789 59.79911731]
 [ 5.87195772 34.46611594]
 [ 3.94935253 15.60090084]
 [ 0.99952349  0.99903349]
 [ 2.99845616  8.9905976 ]
 [ 9.33891669 87.23028084]
 [ 4.00170591 16.01350566]
 [ 5.00335447 25.03365295]
 [ 7.99206529 63.87466747]
 [ 1.99968063  3.99870319]]

2.040113597782366

1.1948105282343754e-05

5.407926444425689
